250200.00 42.47
250400.00 42.73
250600.00 42.44
250800.00 42.37
251000.00 42.36
251200.00 42.43
251400.00 42.55
251600.00 42.46
251800.00 42.33
252000.00 42.45
252200.00 42.71
252400.00 42.18
252600.00 42.24
252800.00 42.31
253000.00 42.24
253200.00 42.41
253400.00 42.58
253600.00 42.56
253800.00 42.48
254000.00 42.65
254200.00 42.47
254400.00 42.39
254600.00 42.40
254800.00 42.35
255000.00 42.43
255200.00 42.54
255400.00 42.53
255600.00 42.47
255800.00 42.27
256000.00 42.38
256200.00 42.55
256400.00 42.80
256600.00 42.58
256800.00 42.45
257000.00 42.51
257200.00 42.54
257400.00 42.38
257600.00 42.54
257800.00 42.35
258000.00 42.31
258200.00 42.50
258400.00 42.51
258600.00 42.25
258800.00 42.14
259000.00 42.05
259200.00 42.09
259400.00 42.40
259600.00 42.65
259800.00 42.13
260000.00 42.21
260200.00 42.22
260400.00 42.35
260600.00 42.35
260800.00 42.49
261000.00 42.88
261200.00 42.80
261400.00 42.64
261600.00 42.43
261800.00 42.27
262000.00 42.33
262200.00 42.28
262400.00 42.22
262600.00 42.39
262800.00 42.52
263000.00 42.73
263200.00 42.83
263400.00 42.72
263600.00 42.79
263800.00 42.54
264000.00 42.71
264200.00 42.53
264400.00 42.30
264600.00 42.05
264800.00 42.27
265000.00 42.12
265200.00 42.55
265400.00 42.38
265600.00 42.38
265800.00 42.64
266000.00 42.66
266200.00 42.60
266400.00 42.47
266600.00 42.41
266800.00 42.52
267000.00 42.05
267200.00 42.11
267400.00 42.29
267600.00 42.01
267800.00 41.69
268000.00 42.40
268200.00 42.09
268400.00 42.14
268600.00 41.92
268800.00 42.15
269000.00 42.15
269200.00 42.12
269400.00 42.36
269600.00 42.36
269800.00 42.51
270000.00 42.20
270200.00 42.17
270400.00 42.40
270600.00 42.03
270800.00 42.18
271000.00 42.64
271200.00 42.13
271400.00 41.87
271600.00 42.03
271800.00 41.99
272000.00 42.29
272200.00 42.44
272400.00 42.30
272600.00 42.11
272800.00 42.12
273000.00 42.35
273200.00 42.28
273400.00 42.00
273600.00 42.11
273800.00 41.84
274000.00 42.05
274200.00 42.24
274400.00 42.12
274600.00 42.16
274800.00 42.55
275000.00 42.34
275200.00 42.54
275400.00 42.40
275600.00 42.27
275800.00 42.71
276000.00 42.59
276200.00 42.63
276400.00 42.76
276600.00 42.21
276800.00 42.04
277000.00 42.37
277200.00 42.08
277400.00 41.93
277600.00 41.93
277800.00 42.26
278000.00 42.01
278200.00 42.12
278400.00 41.94
278600.00 42.20
278800.00 42.19
279000.00 42.44
279200.00 42.51
279400.00 42.65
279600.00 42.42
279800.00 42.05
280000.00 42.22
280200.00 42.25
280400.00 41.98
280600.00 42.24
280800.00 42.27
281000.00 42.32
281200.00 42.29
281400.00 42.33
281600.00 42.08
281800.00 42.29
282000.00 42.13
282200.00 42.19
282400.00 42.56
282600.00 42.39
282800.00 42.33
283000.00 42.61
283200.00 42.57
283400.00 42.40
283600.00 42.69
283800.00 42.27
284000.00 42.56
284200.00 42.46
284400.00 42.46
284600.00 42.25
284800.00 42.29
285000.00 42.20
285200.00 42.54
285400.00 42.28
285600.00 42.47
285800.00 42.21
286000.00 41.96
286200.00 42.17
286400.00 42.07
286600.00 41.83
286800.00 42.21
287000.00 42.10
287200.00 42.22
287400.00 42.00
287600.00 41.81
287800.00 42.05
288000.00 42.05
288200.00 41.98
288400.00 42.19
288600.00 42.06
288800.00 42.20
289000.00 42.51
289200.00 42.59
289400.00 42.36
289600.00 42.32
289800.00 42.30
290000.00 42.23
290200.00 42.55
290400.00 42.29
290600.00 42.31
290800.00 42.58
291000.00 42.37
291200.00 42.64
291400.00 42.79
291600.00 42.52
291800.00 42.82
292000.00 42.52
292200.00 42.63
292400.00 42.89
292600.00 42.71
292800.00 42.71
293000.00 42.74
293200.00 42.94
293400.00 42.49
293600.00 42.15
293800.00 42.61
294000.00 42.30
294200.00 42.70
294400.00 42.55
294600.00 42.73
294800.00 42.51
295000.00 42.52
295200.00 42.65
295400.00 42.50
295600.00 42.16
295800.00 42.27
296000.00 42.16
296200.00 42.57
296400.00 42.04
296600.00 42.39
296800.00 42.53
297000.00 42.27
297200.00 42.64
297400.00 42.43
297600.00 42.20
297800.00 42.07
298000.00 42.18
298200.00 42.18
298400.00 41.95
298600.00 42.32
298800.00 42.17
299000.00 42.10
299200.00 42.20
299400.00 42.26
299600.00 42.07
299800.00 41.92
300000.00 42.22
300200.00 42.30
300400.00 42.33
300600.00 42.17
300800.00 42.56
301000.00 42.15
301200.00 42.39
301400.00 42.23
301600.00 42.38
301800.00 42.66
302000.00 42.93
302200.00 42.45
302400.00 41.96
302600.00 42.41
302800.00 42.43
303000.00 42.46
303200.00 42.31
303400.00 42.47
303600.00 42.35
303800.00 42.11
304000.00 42.30
304200.00 42.13
304400.00 42.32
304600.00 42.81
304800.00 42.81
305000.00 42.43
305200.00 42.20
305400.00 42.40
305600.00 42.28
305800.00 42.30
306000.00 42.33
306200.00 42.37
306400.00 42.23
306600.00 42.13
306800.00 42.40
307000.00 41.99
307200.00 42.24
307400.00 42.26
307600.00 41.98
307800.00 42.36
308000.00 42.39
308200.00 42.57
308400.00 42.95
308600.00 42.72
308800.00 42.61
309000.00 42.79
309200.00 42.81
309400.00 42.88
309600.00 42.92
309800.00 42.81
310000.00 42.85
310200.00 42.53
310400.00 42.90
310600.00 42.47
310800.00 42.32
311000.00 42.69
311200.00 42.50
311400.00 42.63
311600.00 42.43
311800.00 42.40
312000.00 42.76
312200.00 42.93
312400.00 42.82
312600.00 42.99
312800.00 43.03
313000.00 42.70
313200.00 42.88
313400.00 43.00
313600.00 43.05
313800.00 42.83
314000.00 42.85
314200.00 43.44
314400.00 42.82
314600.00 42.67
314800.00 42.70
315000.00 42.69
315200.00 42.63
315400.00 43.01
315600.00 43.15
315800.00 43.22
316000.00 43.16
316200.00 43.19
316400.00 43.12
316600.00 43.18
316800.00 43.21
317000.00 42.64
317200.00 42.82
317400.00 43.23
317600.00 43.12
317800.00 42.97
318000.00 42.97
318200.00 42.56
318400.00 43.18
318600.00 43.13
318800.00 43.00
319000.00 42.87
319200.00 42.88
319400.00 42.92
319600.00 42.81
319800.00 42.67
320000.00 43.13
320200.00 43.12
320400.00 42.70
320600.00 42.74
320800.00 42.96
321000.00 42.60
321200.00 42.42
321400.00 42.62
321600.00 43.19
321800.00 42.90
322000.00 42.97
322200.00 43.13
322400.00 42.96
322600.00 42.84
322800.00 42.76
323000.00 42.75
323200.00 43.16
323400.00 42.91
323600.00 43.00
323800.00 42.58
324000.00 42.81
324200.00 42.76
324400.00 42.83
324600.00 42.87
324800.00 42.92
325000.00 42.72
325200.00 42.79
325400.00 42.73
325600.00 43.13
325800.00 42.64
326000.00 42.86
326200.00 42.93
326400.00 42.76
326600.00 42.83
326800.00 42.43
327000.00 42.55
327200.00 42.66
327400.00 42.45
327600.00 42.96
327800.00 42.85
328000.00 42.64
328200.00 42.98
328400.00 42.69
328600.00 42.49
328800.00 42.64
329000.00 43.31
329200.00 43.06
329400.00 42.89
329600.00 42.78
329800.00 42.38
330000.00 42.97
330200.00 42.60
330400.00 42.50
330600.00 42.53
330800.00 42.73
331000.00 42.75
331200.00 42.59
331400.00 42.90
331600.00 42.67
331800.00 42.61
332000.00 42.71
332200.00 42.61
332400.00 42.96
332600.00 43.08
332800.00 43.03
333000.00 42.64
333200.00 42.90
333400.00 42.78
333600.00 42.67
333800.00 43.03
334000.00 42.85
334200.00 42.74
334400.00 42.87
334600.00 42.96
334800.00 42.98
335000.00 42.70
335200.00 42.89
335400.00 42.58
335600.00 43.04
335800.00 42.68
336000.00 42.70
336200.00 42.62
336400.00 42.68
336600.00 43.03
336800.00 43.20
337000.00 43.06
337200.00 43.20
337400.00 43.15
337600.00 43.17
337800.00 43.13
338000.00 43.19
338200.00 43.05
338400.00 43.04
338600.00 43.09
338800.00 43.51
339000.00 43.27
339200.00 42.89
339400.00 43.32
339600.00 43.39
339800.00 42.94
340000.00 42.93
340200.00 43.02
340400.00 42.94
340600.00 43.01
340800.00 43.14
341000.00 42.96
341200.00 42.54
341400.00 42.88
341600.00 43.11
341800.00 43.11
342000.00 42.79
342200.00 42.56
342400.00 42.78
342600.00 42.82
342800.00 42.69
343000.00 42.64
343200.00 42.75
343400.00 42.86
343600.00 42.74
343800.00 42.73
344000.00 42.67
344200.00 43.00
344400.00 42.31
344600.00 42.75
344800.00 42.52
345000.00 42.62
345200.00 42.49
345400.00 42.61
345600.00 42.75
345800.00 42.61
346000.00 42.66
346200.00 42.78
346400.00 42.58
346600.00 42.78
346800.00 42.94
347000.00 43.03
347200.00 43.20
347400.00 43.20
347600.00 42.89
347800.00 42.78
348000.00 43.25
348200.00 43.03
348400.00 43.09
348600.00 43.14
348800.00 43.04
349000.00 43.07
349200.00 42.78
349400.00 42.99
349600.00 42.48
349800.00 42.88
350000.00 42.50
350200.00 42.67
350400.00 42.91
350600.00 42.75
350800.00 42.65
351000.00 42.61
351200.00 42.56
351400.00 42.78
351600.00 42.42
351800.00 43.02
352000.00 42.51
352200.00 42.81
352400.00 42.94
352600.00 42.62
352800.00 43.42
353000.00 43.22
353200.00 42.84
353400.00 42.59
353600.00 42.74
353800.00 43.08
354000.00 43.09
354200.00 42.68
354400.00 42.62
354600.00 42.73
354800.00 42.40
355000.00 42.42
355200.00 42.69
355400.00 42.85
355600.00 43.06
355800.00 42.99
356000.00 43.09
356200.00 43.00
356400.00 43.41
356600.00 43.19
356800.00 43.20
357000.00 42.99
357200.00 43.18
357400.00 42.79
357600.00 42.91
357800.00 42.93
358000.00 42.99
358200.00 43.19
358400.00 42.82
358600.00 43.07
358800.00 43.24
359000.00 43.17
359200.00 43.05
359400.00 43.19
359600.00 43.07
359800.00 43.17
360000.00 43.08
360200.00 43.32
360400.00 42.99
360600.00 42.96
360800.00 42.65
361000.00 42.56
361200.00 42.84
361400.00 42.64
361600.00 42.71
361800.00 43.12
362000.00 43.03
362200.00 43.17
362400.00 43.16
362600.00 43.03
362800.00 43.30
363000.00 43.33
363200.00 43.09
363400.00 43.17
363600.00 42.74
363800.00 43.11
364000.00 43.33
364200.00 43.13
364400.00 42.91
364600.00 43.12
364800.00 42.90
365000.00 43.02
365200.00 43.04
365400.00 42.98
365600.00 43.05
365800.00 42.49
366000.00 43.07
366200.00 42.80
366400.00 43.27
366600.00 43.29
366800.00 42.91
367000.00 43.14
367200.00 42.93
367400.00 43.10
367600.00 42.70
367800.00 42.83
368000.00 42.77
368200.00 42.96
368400.00 42.90
368600.00 42.80
368800.00 42.93
369000.00 42.90
369200.00 43.06
369400.00 42.79
369600.00 42.86
369800.00 42.98
370000.00 42.50
370200.00 42.71
370400.00 42.64
370600.00 42.84
370800.00 42.83
371000.00 42.88
371200.00 42.48
371400.00 42.66
371600.00 42.65
371800.00 42.64
372000.00 42.98
372200.00 42.94
372400.00 42.85
372600.00 42.82
372800.00 42.53
373000.00 42.64
373200.00 42.57
373400.00 42.72
373600.00 42.68
373800.00 42.74
374000.00 42.61
374200.00 42.89
374400.00 42.79
374600.00 42.80
374800.00 42.62
375000.00 42.41
375200.00 42.84
375400.00 42.54
375600.00 42.72
375800.00 42.65
376000.00 42.46
376200.00 42.59
376400.00 42.33
376600.00 42.57
376800.00 42.52
377000.00 42.61
377200.00 42.59
377400.00 42.99
377600.00 42.62
377800.00 42.25
378000.00 42.35
378200.00 42.34
378400.00 42.29
378600.00 42.46
378800.00 42.36
379000.00 42.25
379200.00 42.21
379400.00 42.27
379600.00 42.13
379800.00 42.13
380000.00 42.36
380200.00 42.39
380400.00 42.52
380600.00 42.61
380800.00 42.85
381000.00 42.39
381200.00 42.30
381400.00 42.16
381600.00 42.72
381800.00 42.87
382000.00 42.51
382200.00 42.61
382400.00 42.54
382600.00 42.50
382800.00 42.27
383000.00 42.22
383200.00 42.58
383400.00 42.35
383600.00 42.43
383800.00 42.27
384000.00 42.71
384200.00 42.39
384400.00 42.36
384600.00 42.61
384800.00 42.42
385000.00 42.06
385200.00 42.11
385400.00 42.18
385600.00 42.51
385800.00 42.61
386000.00 42.74
386200.00 42.97
386400.00 42.61
386600.00 42.43
386800.00 42.43
387000.00 42.98
387200.00 42.88
387400.00 42.95
387600.00 42.63
387800.00 42.93
388000.00 42.83
388200.00 43.02
388400.00 42.50
388600.00 42.83
388800.00 42.90
389000.00 43.09
389200.00 42.72
389400.00 42.82
389600.00 42.86
389800.00 42.54
390000.00 42.70
390200.00 42.70
390400.00 42.86
390600.00 42.85
390800.00 43.10
391000.00 42.75
391200.00 43.07
391400.00 42.64
391600.00 42.64
391800.00 42.94
392000.00 42.99
392200.00 43.08
392400.00 42.76
392600.00 42.61
392800.00 43.02
393000.00 42.88
393200.00 42.80
393400.00 42.73
393600.00 42.78
393800.00 42.89
394000.00 42.96
394200.00 42.81
394400.00 42.60
394600.00 42.40
394800.00 42.46
395000.00 42.69
395200.00 42.82
395400.00 42.41
395600.00 42.61
395800.00 42.99
396000.00 42.78
396200.00 42.66
396400.00 42.51
396600.00 42.46
396800.00 42.46
397000.00 42.42
397200.00 42.27
397400.00 42.08
397600.00 42.45
397800.00 42.91
398000.00 42.27
398200.00 42.38
398400.00 42.24
398600.00 42.26
398800.00 42.33
399000.00 42.26
399200.00 42.39
399400.00 42.49
399600.00 42.49
399800.00 42.45
400000.00 42.44
400200.00 42.26
400400.00 42.10
400600.00 42.38
400800.00 42.22
401000.00 42.97
401200.00 42.73
401400.00 42.86
401600.00 42.64
401800.00 42.74
402000.00 42.56
402200.00 42.82
402400.00 42.64
402600.00 42.66
402800.00 42.81
403000.00 43.00
403200.00 43.15
403400.00 42.85
403600.00 42.78
403800.00 43.13
404000.00 43.01
404200.00 42.84
404400.00 43.06
404600.00 42.65
404800.00 42.88
405000.00 43.11
405200.00 43.04
405400.00 43.03
405600.00 43.03
405800.00 42.88
406000.00 43.15
406200.00 42.83
406400.00 43.01
406600.00 43.44
406800.00 43.15
407000.00 42.95
407200.00 43.01
407400.00 43.06
407600.00 43.25
407800.00 42.93
408000.00 43.09
408200.00 42.54
408400.00 42.82
408600.00 42.82
408800.00 43.01
409000.00 42.60
409200.00 42.93
409400.00 43.10
409600.00 43.28
409800.00 43.14
410000.00 42.98
410200.00 42.71
410400.00 42.97
410600.00 42.90
410800.00 43.09
411000.00 43.25
411200.00 43.32
411400.00 43.09
411600.00 42.92
411800.00 43.12
412000.00 42.75
412200.00 42.75
412400.00 42.66
412600.00 42.70
412800.00 42.93
413000.00 42.58
413200.00 42.53
413400.00 42.53
413600.00 42.86
413800.00 42.48
414000.00 42.52
414200.00 42.47
414400.00 43.13
414600.00 43.02
414800.00 43.29
415000.00 43.23
415200.00 43.43
415400.00 43.42
415600.00 43.04
415800.00 43.39
416000.00 43.08
416200.00 42.73
416400.00 43.35
416600.00 43.00
416800.00 43.04
417000.00 43.08
417200.00 42.92
417400.00 43.10
417600.00 43.46
417800.00 43.37
418000.00 43.34
418200.00 43.09
418400.00 43.32
418600.00 43.35
418800.00 43.30
419000.00 43.39
419200.00 43.26
419400.00 43.40
419600.00 43.19
419800.00 43.30
420000.00 43.21
420200.00 43.19
420400.00 43.24
420600.00 43.20
420800.00 43.21
421000.00 43.17
421200.00 42.98
421400.00 43.20
421600.00 42.82
421800.00 43.11
422000.00 43.18
422200.00 43.04
422400.00 42.81
422600.00 43.33
422800.00 43.02
423000.00 42.69
423200.00 42.67
423400.00 43.04
423600.00 42.79
423800.00 43.09
424000.00 42.91
424200.00 43.17
424400.00 43.10
424600.00 43.10
424800.00 42.97
425000.00 43.43
425200.00 43.09
425400.00 43.43
425600.00 43.23
425800.00 43.06
426000.00 42.81
426200.00 42.70
426400.00 43.06
426600.00 43.05
426800.00 43.15
427000.00 43.09
427200.00 43.25
427400.00 43.23
427600.00 43.27
427800.00 43.05
428000.00 43.38
428200.00 43.23
428400.00 43.21
428600.00 43.00
428800.00 42.94
429000.00 42.80
429200.00 42.82
429400.00 43.14
429600.00 42.87
429800.00 43.46
430000.00 42.98
430200.00 43.36
430400.00 43.40
430600.00 43.01
430800.00 43.04
431000.00 43.08
431200.00 42.94
431400.00 43.15
431600.00 42.60
431800.00 43.02
432000.00 43.16
432200.00 43.18
432400.00 43.08
432600.00 43.33
432800.00 43.25
433000.00 43.28
433200.00 43.21
433400.00 43.42
433600.00 43.15
433800.00 43.13
434000.00 43.10
434200.00 43.00
434400.00 42.71
434600.00 43.06
434800.00 43.04
435000.00 43.42
435200.00 43.30
435400.00 43.07
435600.00 43.11
435800.00 43.27
436000.00 43.36
436200.00 43.04
436400.00 43.08
436600.00 43.19
436800.00 43.45
437000.00 43.52
437200.00 43.47
437400.00 43.38
437600.00 43.34
437800.00 43.36
438000.00 43.62
438200.00 43.05
438400.00 43.00
438600.00 43.16
438800.00 43.04
439000.00 42.95
439200.00 42.96
439400.00 43.67
439600.00 43.45
439800.00 43.07
440000.00 43.09
440200.00 42.90
440400.00 42.92
440600.00 43.18
440800.00 42.86
441000.00 43.03
441200.00 43.22
441400.00 43.03
441600.00 42.99
441800.00 42.87
442000.00 43.33
442200.00 43.00
442400.00 43.22
442600.00 42.95
442800.00 42.92
443000.00 43.46
443200.00 42.90
443400.00 43.21
443600.00 42.97
443800.00 42.75
444000.00 43.30
444200.00 43.18
444400.00 43.22
444600.00 43.06
444800.00 43.01
445000.00 43.20
445200.00 43.27
445400.00 42.73
445600.00 43.15
445800.00 43.12
446000.00 43.37
446200.00 43.02
446400.00 42.92
446600.00 43.02
446800.00 42.98
447000.00 43.09
447200.00 42.86
447400.00 42.56
447600.00 42.54
447800.00 43.18
448000.00 42.92
448200.00 43.09
448400.00 42.92
448600.00 42.71
448800.00 43.06
449000.00 43.08
449200.00 43.13
449400.00 43.38
449600.00 43.03
449800.00 43.50
450000.00 43.24
450200.00 43.22
450400.00 43.33
450600.00 42.97
450800.00 43.13
451000.00 42.85
451200.00 43.05
451400.00 43.15
451600.00 43.14
451800.00 42.60
452000.00 42.98
452200.00 43.12
452400.00 43.30
452600.00 43.21
452800.00 43.38
453000.00 43.46
453200.00 43.54
453400.00 43.27
453600.00 43.46
453800.00 43.62
454000.00 43.35
454200.00 43.48
454400.00 43.49
454600.00 43.30
454800.00 43.21
455000.00 42.82
455200.00 43.19
455400.00 43.47
455600.00 43.46
455800.00 43.81
456000.00 43.53
456200.00 43.73
456400.00 43.06
456600.00 43.47
456800.00 43.18
457000.00 42.97
457200.00 43.38
457400.00 43.33
457600.00 43.07
457800.00 43.11
458000.00 43.07
458200.00 43.36
458400.00 43.06
458600.00 43.23
458800.00 43.15
459000.00 43.40
459200.00 43.20
459400.00 43.18
459600.00 43.13
459800.00 43.41
460000.00 42.96
460200.00 42.77
460400.00 42.89
460600.00 43.19
460800.00 43.38
461000.00 43.10
461200.00 43.36
461400.00 43.19
461600.00 43.39
461800.00 43.38
462000.00 43.39
462200.00 43.49
462400.00 43.54
462600.00 43.56
462800.00 42.86
463000.00 43.06
463200.00 43.10
463400.00 43.01
463600.00 43.29
463800.00 43.33
464000.00 43.25
464200.00 43.18
464400.00 43.06
464600.00 43.33
464800.00 43.20
465000.00 43.31
465200.00 43.30
465400.00 43.08
465600.00 43.39
465800.00 43.18
466000.00 43.31
466200.00 43.35
466400.00 43.22
466600.00 43.43
466800.00 42.98
467000.00 43.02
467200.00 43.38
467400.00 43.15
467600.00 43.47
467800.00 43.35
468000.00 43.18
468200.00 43.38
468400.00 43.40
468600.00 43.75
468800.00 43.21
469000.00 43.06
469200.00 43.49
469400.00 43.34
469600.00 43.01
469800.00 43.53
470000.00 43.05
470200.00 43.11
470400.00 43.20
470600.00 43.52
470800.00 43.17
471000.00 43.32
471200.00 43.87
471400.00 43.20
471600.00 43.25
471800.00 43.56
472000.00 43.35
472200.00 43.67
472400.00 43.50
472600.00 43.66
472800.00 43.48
473000.00 43.28
473200.00 43.53
473400.00 43.42
473600.00 43.39
473800.00 43.72
474000.00 43.70
474200.00 43.69
474400.00 43.89
474600.00 43.38
474800.00 43.15
475000.00 43.51
475200.00 43.26
475400.00 43.22
475600.00 43.22
475800.00 43.48
476000.00 43.20
476200.00 42.97
476400.00 43.45
476600.00 43.35
476800.00 43.11
477000.00 43.36
477200.00 43.65
477400.00 43.02
477600.00 43.53
477800.00 43.45
478000.00 43.48
478200.00 43.62
478400.00 43.26
478600.00 43.14
478800.00 43.13
479000.00 43.01
479200.00 43.54
479400.00 43.39
479600.00 43.26
479800.00 43.13
480000.00 43.37
480200.00 43.59
480400.00 43.38
480600.00 43.11
480800.00 43.35
481000.00 43.27
481200.00 43.38
481400.00 43.41
481600.00 43.19
481800.00 43.28
482000.00 43.26
482200.00 43.50
482400.00 43.60
482600.00 43.06
482800.00 43.13
483000.00 43.11
483200.00 43.29
483400.00 43.30
483600.00 42.87
483800.00 43.27
484000.00 43.19
484200.00 43.11
484400.00 43.45
484600.00 43.36
484800.00 43.03
485000.00 43.16
485200.00 43.34
485400.00 43.61
485600.00 43.80
485800.00 43.43
486000.00 43.72
486200.00 43.64
486400.00 43.32
486600.00 43.25
486800.00 43.54
487000.00 43.37
487200.00 43.35
487400.00 43.46
487600.00 43.34
487800.00 43.42
488000.00 43.30
488200.00 43.46
488400.00 43.01
488600.00 43.11
488800.00 43.16
489000.00 43.43
489200.00 43.34
489400.00 43.64
489600.00 43.57
489800.00 43.49
490000.00 42.98
490200.00 43.26
490400.00 43.31
490600.00 43.39
490800.00 43.56
491000.00 43.07
491200.00 43.40
491400.00 43.39
491600.00 43.12
491800.00 43.45
492000.00 42.95
492200.00 42.65
492400.00 43.12
492600.00 43.41
492800.00 43.33
493000.00 43.27
493200.00 43.25
493400.00 43.67
493600.00 43.48
493800.00 43.45
494000.00 43.88
494200.00 43.37
494400.00 43.11
494600.00 43.13
494800.00 42.94
495000.00 43.02
495200.00 43.28
495400.00 42.94
495600.00 43.29
495800.00 42.82
496000.00 42.79
496200.00 42.93
496400.00 42.94
496600.00 43.13
496800.00 43.60
497000.00 42.96
497200.00 42.97
497400.00 43.17
497600.00 43.35
497800.00 42.90
498000.00 43.05
498200.00 43.30
498400.00 43.29
498600.00 43.46
498800.00 43.06
499000.00 42.98
499200.00 43.09
499400.00 42.75
499600.00 43.10
499800.00 42.90
500000.00 42.67
0.00 0.00
