# x,y
1.305612682194660756e+01 1.007788346766199794e+01
1.043318320400348398e+01 7.351329023374208127e+00
9.284200707764822980e+00 6.741870650685006794e+00
8.038130942265182100e+00 5.164900254709949401e+00
1.102206349361473414e+01 8.016850829348129537e+00
1.160175224917774450e+01 1.029492425176379022e+01
9.575568393629827924e+00 5.684996569958666868e+00
7.135307093802536471e+00 1.214746421781826680e+00
1.246639828556895857e+01 7.641547004464168680e+00
1.092450980143456540e+01 7.618669880936100647e+00
9.513028625751760003e+00 6.843568008157111748e+00
9.263907533552339757e+00 6.473583360704088463e+00
1.183530210029390162e+01 7.990638551381477050e+00
7.335835443036719639e+00 2.714136594311549633e+00
1.049068718578095449e+01 9.010024032256765736e+00
8.897597192337579841e+00 7.506380490584214193e+00
7.808958847314535490e+00 5.397823531897083527e+00
1.081460527359105939e+01 7.398938212894183408e+00
1.000117553856846975e+01 8.168201015843200352e+00
8.090009414863445159e+00 5.127617131086651625e+00
1.017350398796725131e+01 5.964615545506268823e+00
8.490628905685783323e+00 7.119452203328728856e+00
9.620981064628871593e+00 4.203178082827575324e+00
7.717884122114530676e+00 4.241489057413617481e+00
1.273686528729552414e+01 1.312546428906333951e+01
1.156059544438206821e+01 8.623556671121255235e+00
7.157200501732795317e+00 3.879125544590066532e+00
1.173954113351848960e+01 1.060666141027266107e+01
1.211900239817124891e+01 9.665386352270488146e+00
9.086284355043492411e+00 9.266910042337142883e+00
9.790604078557796797e+00 7.979634178662184496e+00
1.084923087370492034e+01 1.082211296481236218e+01
9.763495615591077481e+00 6.469175498239555289e+00
1.380773912714190388e+01 8.691915837811247769e+00
6.670717363146745349e+00 6.224699603875105680e+00
1.224776366319147947e+01 1.137930396251866583e+01
8.114767088912349990e+00 6.193267014263859949e+00
1.193168681918367824e+01 6.746888786405511595e+00
9.829106699031777694e+00 4.536460054046385082e+00
1.180149355470142503e+01 1.062697218515240749e+01
8.642734531130287223e+00 3.497752696004922779e+00
6.372985894513181648e+00 3.925807333037590663e+00
7.503161414538074503e+00 3.898645113807894358e+00
9.615694108170780297e+00 6.189910543102960183e+00
9.203413172778940776e+00 5.546843664684786290e+00
9.579807511470177062e+00 3.607450153452860242e+00
8.074223510930117698e+00 5.508905122298921597e+00
7.990195228394387783e+00 3.224256948839827608e+00
1.047477310872076650e+01 8.590555874788027069e+00
1.055989283333877182e+01 1.272253572624917162e+01
6.792101407962320536e+00 3.970559466435352736e+00
1.033777513429056327e+01 7.092766667641422274e+00
9.721366349744879898e+00 9.748982904458575405e+00
1.118188355235326981e+01 4.154761404581020834e+00
1.185460849488109858e+01 9.405384869742871246e+00
1.103512738892438705e+01 1.075213025693841473e+01
8.597929550008990063e+00 6.487796579508954053e+00
1.025938522978910683e+01 9.086170813445418659e+00
1.067013243202974593e+01 5.171099466987413074e+00
8.114655142818545386e+00 2.763561202846362086e+00
1.035499692964073226e+01 6.117683414260305597e+00
1.287501042551265051e+01 7.030586377129960596e+00
9.397636883701395050e+00 8.449491917040864664e+00
1.092200844283003747e+01 5.015295261401014670e+00
8.125941624983331835e+00 1.071518199339762845e+01
1.098387251282974830e+01 6.302259814923399261e+00
8.309848197688218363e+00 6.367035125752751767e+00
7.881537728916875096e+00 5.417176880534615435e+00
9.611926428862952676e+00 7.735447043121505217e+00
9.923351735456725109e+00 7.654202104733220047e+00
1.457142573117624806e+01 1.224262259500617667e+01
8.777868961465888020e+00 5.953371614313311078e+00
1.342554931768155058e+01 1.405655303780681287e+01
5.449107905244899186e+00 3.085174799990848982e+00
1.238890377987851288e+01 9.908280283836599978e+00
1.005330377259051033e+01 7.409597783801442183e+00
9.475744388829722809e+00 7.185824045465887266e+00
9.273941961229006381e+00 8.394976006221712694e+00
7.641463954319640095e+00 9.683718968902348401e-01
1.254904761557761006e+01 1.136054500966821479e+01
1.201905235732453647e+01 8.835646045696957884e+00
1.007013992397061664e+01 1.002637348670986839e+01
1.434859803855028559e+01 8.259432100662742471e+00
9.225198604107307077e+00 4.515555072089220801e+00
7.261768278679380018e+00 5.571724441932291327e+00
1.028074255438372120e+01 8.044487243497153273e+00
8.134259326864412998e+00 5.934006118839350918e+00
1.093927451393915717e+01 7.280284423757537482e+00
9.091664764831325130e+00 3.359896276732000864e+00
1.009885844529456556e+01 5.570247754986790589e+00
8.909770783163894592e+00 1.019976506803177330e+01
9.603176375909859175e+00 8.044520443924385589e+00
9.605080376489725680e+00 7.615283578589060909e+00
1.055681851134061766e+01 8.948141159372838160e+00
8.299551748321990274e+00 6.244031414773130173e+00
8.737168056737207422e+00 6.350597427829693942e-01
1.014503240990448063e+01 4.787269036286970980e+00
8.970628116098625426e+00 5.116358543490784783e+00
1.092459999531691395e+01 1.019832788819949343e+01
1.000068596710413615e+01 6.792610958907729035e+00
1.065708613283086414e+01 7.243612278020703954e+00
1.004121387830417511e+01 6.385504027391389670e+00
1.353592489289275491e+01 8.796313596029534665e+00
8.183375456616699850e+00 4.809017495437048595e+00
8.492026140225560127e+00 6.799655318989646702e+00
1.227321040638314109e+01 9.263600769960092407e+00
1.026841103184137971e+01 7.281954979796967820e+00
9.027076759959937746e+00 3.651121975422123800e+00
9.327265621455238076e+00 5.573411279643255334e+00
1.200033268009581811e+01 7.250958687848535256e+00
1.064196612655699958e+01 3.903617073462849696e+00
8.313634321123402060e+00 5.879033428853389864e+00
7.961949528839392443e+00 5.426293713571514132e+00
8.725514764960086822e+00 8.095290849760644392e+00
8.882290535270696452e+00 7.954995576317455352e+00
8.080543265767889949e+00 4.879492945118768077e+00
1.327830493052575989e+01 9.644561593251363973e+00
9.098136849438647644e+00 4.919329630453709967e+00
8.975774445793618384e+00 5.586535347847637389e+00
1.230655565251055172e+01 8.036980278578800707e+00
1.112817323096688504e+01 9.344076399511449083e+00
9.239656611807069098e+00 7.066010685866334740e+00
1.079372563347123659e+01 9.139933620368230649e+00
8.935406745782541904e+00 4.992135959069489815e+00
9.794487536901167246e+00 7.925041910554465829e+00
1.121465967990751089e+01 1.213073225710823699e+01
1.087764067945461122e+01 6.555744355231845510e+00
1.016239645578750483e+01 1.029031161399169214e+01
8.607554918749148243e+00 6.186419510551173673e+00
1.106526179718730596e+01 7.098039456065706965e+00
1.043562556643768424e+01 4.597394905693596989e+00
1.250241674185098617e+01 1.008275334072005514e+01
1.153562311970666165e+01 6.589726038187053270e+00
8.963556234903581554e+00 3.804359534978778434e+00
1.179139158655726938e+01 9.323240318227691503e+00
7.214380838240705529e+00 2.828100682805881672e+00
1.113492101875887563e+01 6.317602300141976102e+00
8.281411978227955828e+00 1.037729483820601040e+01
1.060123680549655667e+01 8.683200825121335953e+00
1.399048782906235466e+01 1.009461163080704615e+01
1.071982018065724596e+01 7.803649870534005828e+00
1.056122976857911233e+01 8.578925187483106285e+00
1.193417438731248836e+01 3.945308827341713176e+00
8.831745648768485779e+00 5.901401495153112187e+00
9.644733949768678372e+00 7.757803760311325014e+00
9.189125682717973476e+00 6.735860296941938330e+00
8.514316197756427229e+00 3.872614649259924935e+00
8.915834288487621606e+00 7.820536265336887283e+00
8.431170961685740650e+00 4.757977565752730342e+00
8.786347345760656680e+00 7.713465724311116212e+00
9.768792816151858460e+00 4.587057342955246142e+00
1.159637653754843001e+01 6.686770663339197895e+00
1.031569600466959713e+01 6.432059358874082200e+00
9.114374426039182353e+00 1.056025639918165737e+01
1.319514477537931185e+01 1.058867113326279785e+01
8.603689794501981680e+00 7.525861783814421280e+00
1.252968761712333645e+01 7.501092399809250466e+00
1.136740689877380817e+01 1.013411999072465619e+01
1.036171520601139484e+01 7.419650740512699016e+00
1.122266366154916106e+01 4.883425401471896521e+00
1.153555960759801735e+01 8.690552649814058839e+00
7.854263798271785113e+00 6.278731072584316841e+00
9.160283770046696361e+00 6.459533334625138679e+00
9.686427441440553565e+00 7.326879941369912608e+00
1.191479512792863638e+01 6.568476744920713983e+00
9.697244859638173509e+00 6.125315766354107794e+00
9.715396830161306951e+00 4.718845660333627734e+00
1.255661058048133505e+01 9.541059409484619280e+00
1.013617534340963644e+01 4.360438635230347693e+00
1.106270313291021168e+01 9.204261334553740070e+00
1.235239472171489261e+01 9.791342032250085481e+00
5.752749925468895853e+00 2.889252314641646446e+00
1.138639784184010217e+01 8.078772523758935620e+00
9.203882568516050355e+00 2.247580405986370433e+00
7.868521529693452976e+00 5.164919559057829623e+00
9.641144144177818731e+00 7.069350433234014019e+00
1.560480195691300942e+01 1.254871318902457134e+01
1.031402168777176698e+01 7.572805079627940472e+00
1.059901943041634098e+01 1.014712507758765447e+01
1.003375631952440017e+01 6.264854308361911706e+00
1.178757809788107203e+01 1.031276932943560176e+01
1.168260144898142983e+01 7.374326742710028526e+00
9.175312366992072199e+00 6.802278574260284927e+00
8.264462522195616501e+00 6.425362054857039595e+00
9.204187230772065575e+00 8.766726927930365676e+00
1.233676847984649605e+01 1.238821747312735511e+01
8.787328154066415209e+00 4.447895639389543021e+00
8.913398166123895905e+00 7.737472255674228805e+00
1.280860562054006735e+01 8.138118250484954075e+00
9.747583364010909079e+00 7.696861065149958492e+00
9.781420142448260080e+00 3.840612018489127699e+00
1.126324098067976465e+01 8.451547405583502481e+00
8.486427661922988364e+00 4.920475985698733012e+00
1.236733801048078973e+01 1.235821050991080483e+01
1.212172976372562694e+01 7.151239864971549842e+00
1.016657399561936970e+01 7.663792381427436240e+00
9.036948928348163435e+00 8.523476774146681478e+00
1.004132728488461801e+01 8.469999896706763565e+00
1.281756411342637492e+01 8.950069932171430764e+00
1.189814287034640827e+01 4.539124583092273291e+00
8.870323762849109173e+00 4.349186194385136872e+00
2.978775889745115535e+00 -3.805931177343083061e+00
1.328061511555866048e+01 9.486890002586049420e+00
8.360035679300761302e+00 3.033238462383432310e+00
1.138953221612363720e+01 7.167904864531844389e+00
9.083654102184542722e+00 7.469412390647109490e+00
1.084202856444597174e+01 9.011988721697838045e+00
1.165395550893228638e+01 5.776546316027690864e+00
1.159521285151369874e+01 9.762385524942587267e+00
4.051525015056089529e+00 1.434036733083580817e+00
1.333083868044688103e+01 1.011169489995721271e+01
1.293817189168248305e+01 1.018036999573457635e+01
1.231032409601292521e+01 8.929351906331923772e+00
1.244913856189528545e+01 8.311392009478455023e+00
1.231634311817013305e+01 7.587953254705190886e+00
8.793677575417891745e+00 7.158569275698416057e+00
6.981012639409341247e+00 7.096427880750166395e+00
1.518354055655733958e+01 1.172805940622799348e+01
8.058515621340326618e+00 2.106257382156341063e+00
1.183108247196249962e+01 9.639988913438189755e+00
1.142535771520957688e+01 1.012658232650738199e+01
9.503271706635644023e+00 4.196111255067707546e+00
6.143192354072731121e+00 5.906817099125709625e-01
1.080476865337211301e+01 9.392691231200341662e+00
7.742168872614034747e+00 4.207888862646794514e+00
1.307597925055079813e+01 9.451668698104340294e+00
1.291772441137162630e+01 1.095307523691301554e+01
9.667056635825233002e+00 8.671797501685222898e+00
8.155633416050813267e+00 3.584743484191096563e+00
1.349803063805389947e+01 7.277412770092732686e+00
1.100662164906567497e+01 7.670914258614712544e+00
1.296866676340779279e+01 1.013873265197117490e+01
1.167909565018652707e+01 8.059217765897207286e+00
9.366692309535046945e+00 4.975564391917518314e+00
7.817912141893200051e+00 4.556359719553105592e+00
9.904580516260965695e+00 1.089725727995676507e+01
8.959429076078510690e+00 6.449397079686169931e+00
1.331649476307716995e+01 8.642448033176748368e+00
9.176121479515936485e+00 2.560339221331590753e+00
1.269701362019624113e+01 8.050558562325408118e+00
9.846879891434459964e+00 7.766393310329650745e+00
1.213387310910032291e+01 1.043736738134056807e+01
1.254559043328971235e+01 9.988215984074070519e+00
6.153491667452341218e+00 4.711520908178938427e+00
1.153901660245644401e+01 1.157895690070856887e+01
1.207616677206798350e+01 9.929572940906171041e+00
7.187522552061398784e+00 9.733723453784509871e+00
9.999725117990331924e+00 7.294328912890436278e+00
1.114769521786501905e+01 8.050391281892769868e+00
1.171948933340551946e+01 1.017815188135359605e+01
8.994502574641831671e+00 5.526257042304981049e+00
8.581743199480307283e+00 7.999642270241769992e+00
7.034848568979843897e+00 2.597393482410430998e+00
1.067527940101371442e+01 9.210259356696488098e+00
8.435230127296666325e+00 4.118045224043304309e+00
8.234156272562163537e+00 6.532661062726563550e+00
1.080688316970035601e+01 7.820466252976975952e+00
7.883407676039769996e+00 7.180161269697252990e+00
7.083549676369941928e+00 5.224128101377420563e+00
8.955551854590883210e+00 4.850246864896323729e+00
1.454493987656279685e+01 1.603556054827892297e+01
1.015884346398547855e+01 7.614436508902584499e+00
4.627379396048268312e+00 3.060502392437948860e+00
9.104224331030245310e+00 8.026140489631853114e+00
9.614166980210644198e+00 5.702379588922417142e+00
1.014166682045783396e+01 4.471270458306130458e+00
8.708135760929195612e+00 5.379176133060894038e+00
1.169398213604591952e+01 9.959632546516766993e+00
8.778637044725121186e+00 5.886226222608642367e+00
8.852850916059923136e+00 7.246411502629568346e+00
1.525352019948238258e+01 1.175275726619557837e+01
1.357410394698835709e+01 1.031581679139075192e+01
1.002497507241609398e+01 8.624960290435945254e+00
1.122114911943195992e+01 9.727683883288399613e+00
1.218320847817038199e+01 9.304595072728009342e+00
8.291505714764749513e+00 6.806821296692723955e+00
1.294476598229895004e+01 1.039930665568223134e+01
7.207307535340506277e+00 5.202379030717846575e+00
6.502505760605659546e+00 3.746573182501636623e+00
1.356331356114871589e+01 1.008728501714507608e+01
7.637129919178532234e+00 -1.848372577992787313e-01
1.083144662293086213e+01 1.098406990731518995e+01
1.140662677426778515e+01 6.245059924790454353e+00
9.367110218148091860e+00 4.553672519896322157e+00
9.428065526205866576e+00 8.596968684435074337e+00
8.354942198364829764e+00 7.515872696930522068e+00
1.028431416286086453e+01 6.681258179267183905e+00
1.168405170964398110e+01 1.021690957915345521e+01
1.255797039427143780e+01 1.321531778770827792e+01
1.114650885781591505e+01 5.661735037698357509e+00
1.030583980456930426e+01 8.311251544765649868e+00
6.896197594371053619e+00 6.797850383230748861e+00
1.073722351503881356e+01 6.559825023214389539e+00
1.124863435207346107e+01 7.432569793342681308e+00
1.376861793641263176e+01 9.857921390726698263e+00
1.053322930224660148e+01 6.382245049879375465e+00
1.087801624850760795e+01 9.654096331345082049e+00
7.906911949316368649e+00 4.292739436774277273e+00
9.027239716539048331e+00 6.720369053422566630e+00
1.044962547658249541e+01 4.331889399116023220e+00
1.044010449149637587e+01 2.273774066158970264e+00
9.604253028457279129e+00 6.292436671517859459e+00
5.997038449796654014e+00 3.708064462006582573e+00
1.039729837497560894e+01 6.909554207140862658e+00
1.156121908358862704e+01 8.220412411700785071e+00
1.242505845114053997e+01 6.799972610596446643e+00
9.094516449517232815e+00 6.090983071563800699e+00
6.941612027030407361e+00 2.368940378113598477e+00
1.175826071250951443e+01 8.967045739889318412e+00
8.586070635709468490e+00 6.909856265991299651e+00
8.500108477365921900e+00 2.283679206404231721e+00
5.803142220345736568e+00 3.845374518010186371e+00
8.780920619722422771e+00 4.507309243098893248e+00
1.138348825857426760e+01 1.252454910323128523e+01
1.176328303941534337e+01 8.702470576003332070e+00
6.588039587922010831e+00 3.980321217173541370e+00
8.837147273907168810e+00 5.299404350936006480e+00
7.437415684339324429e+00 6.417702002720414356e+00
5.222468608124883893e+00 1.311970379507426454e+00
1.199167954512924084e+01 1.327461575770456292e+01
7.733017261004604848e+00 7.749746835994648642e+00
1.031118574140447919e+01 5.310849201598980329e+00
1.002775998694173509e+01 8.888602607114792775e+00
1.221957614724183472e+01 1.288914262685344525e+01
9.167408215144345007e+00 7.292095583697085992e+00
9.212154777710701126e+00 4.369959320103032674e+00
1.202045734493002982e+01 9.027246213601848979e+00
8.624107815172209257e+00 6.616916152320721167e+00
1.098856911383139767e+01 1.047484878277363229e+01
1.044741857287097275e+01 5.193315959853886277e+00
8.854505908641883138e+00 5.601116505869011775e+00
1.034877613097870253e+01 7.767855517985066349e+00
8.528085133726181155e+00 5.422929448822594090e+00
1.151659957696522874e+01 1.114475550410653426e+01
1.176971463640774473e+01 8.621843250340452514e+00
9.586083887180430807e+00 9.226977990423845810e+00
9.803972844418062493e+00 6.441954988072505550e+00
9.970165571020025652e+00 6.346761768695573735e+00
1.113079526004153585e+01 8.829924135177479982e+00
1.105572681767738175e+01 1.042158142920250441e+01
1.028883696600104436e+01 7.946306134668581933e+00
1.124668020819538761e+01 1.211679101676675252e+01
1.055665814189384655e+01 5.128201990613762362e+00
5.569553893457325877e+00 1.415519154801156310e+00
9.770927135646486406e+00 8.525392804415941939e+00
7.473515482576305047e+00 4.995034865420797665e+00
1.237337097510502382e+01 8.444777284550328389e+00
1.186526822670332848e+01 1.026851217059539856e+01
1.111939377975096477e+01 7.198819861848967605e+00
9.586719209994287283e+00 6.284227779587872931e+00
1.028545700595910439e+01 8.902577678130151995e+00
1.256874725170324680e+01 5.845034906582555756e+00
8.735053839312568513e+00 7.084776800836800170e+00
5.495762414459850476e+00 -6.689859399650361915e-01
1.088411500949883681e+01 9.950450367340300417e+00
1.331718590960321613e+01 8.811188559083452887e+00
7.351363107983279299e+00 6.076434550739821638e+00
1.268866874762198194e+01 1.033639872533341375e+01
1.067078659978449728e+01 5.432864225327321606e+00
9.101370533786724337e+00 6.056661165384057632e+00
1.197588097246065608e+01 9.107617887969238879e+00
1.131624188051115709e+01 9.510124596863906987e+00
1.217432989252306363e+01 1.133148802651681386e+01
7.978195251452781633e+00 5.277864379773124170e+00
7.781399343100280142e+00 7.331690903134807868e+00
7.924764622039049300e+00 3.194732746743167429e+00
9.721539093934900677e+00 7.387533712723103108e+00
7.855935671902081197e+00 8.001718718189419377e+00
1.180058213005302648e+01 7.236209990476945464e+00
8.492070250284397659e+00 3.701867314682511179e+00
1.191849506894727995e+01 8.653846402122956860e+00
7.309407642205149713e+00 5.884416673922354235e+00
7.999923286489874386e+00 2.071049126015105823e+00
9.252373565359690133e+00 2.588986782473618575e+00
7.892882023362227883e+00 2.291791347518748356e+00
8.807301677634649550e+00 4.080331321044022630e+00
7.457670328746946353e+00 2.421394727204071451e+00
1.016337873677132642e+01 7.368513716726901031e+00
1.190807199996711141e+01 7.661060485316498969e+00
1.100164843516370183e+01 6.564671466198361394e+00
9.518484854336792367e+00 7.092304978076683142e+00
8.444009132557303232e+00 4.229373107969085055e+00
1.051938421845581217e+01 1.094384478135251904e+01
1.135225837448274078e+01 1.030520898476287250e+01
9.422649348990390195e+00 7.783827447135185373e+00
9.751474692368972796e+00 4.022623966813053897e+00
8.282530260257306765e+00 6.135093078496970165e+00
1.001310647355874295e+01 3.642799943615286029e+00
1.174827874141245587e+01 6.361015848049749621e+00
1.235871396869607075e+01 8.192136041639235700e+00
1.218046108887661561e+01 9.787580242010042397e+00
9.728753782684462337e+00 5.669745846533594147e+00
7.614945237785897270e+00 8.489415608220436837e+00
1.187958688321532463e+01 8.438838814243657893e+00
7.924815456721820972e+00 4.743930134715300895e+00
1.012363826022503943e+01 9.369799557213378094e+00
9.925008199164366829e+00 7.667359624165915655e+00
1.202909234250132542e+01 1.048247557240563665e+01
9.547925548894481196e+00 6.231976648816413444e+00
9.771434037100789283e+00 8.612840301014211164e+00
6.686381622882391795e+00 1.532280619992435700e+00
1.016963969402385359e+01 1.039604162819668076e+01
9.160749632920150987e+00 2.797249733031800911e+00
6.812533954634089284e+00 3.611296746055931095e+00
1.045304447953963134e+01 6.063056255169289699e+00
8.330259001900927274e+00 4.753186247258559760e+00
1.086490950800765276e+01 5.272481051327329027e+00
7.036234109626711586e+00 6.656404792961616579e+00
1.405508983280466317e+01 9.345560093713864092e+00
9.899917342095786665e+00 4.851346131981319587e+00
8.901106792986075433e+00 7.974709942323205070e+00
1.118700760328896848e+01 1.173896522530638542e+01
1.322609920143154838e+01 8.859947662671839197e+00
9.902167283426964062e+00 1.011906918451443538e+01
1.257314537838163204e+01 1.067471246897265402e+01
9.200323751599210453e+00 7.007654165290770010e+00
1.122592514582368750e+01 9.120493612986285470e+00
7.927029311912159315e+00 7.934334117046624613e+00
1.161035572618252587e+01 1.029913125653747130e+01
8.817852986173544849e+00 6.123996602115163945e+00
1.152214069735888025e+01 7.330278722371666333e+00
9.092857018668782487e+00 3.574365730791791762e+00
9.832188821417036095e+00 6.651969988415411983e+00
1.089082372914274011e+01 7.914026899311306984e+00
1.203989418666429145e+01 8.640777405984350068e+00
7.002994349951919162e+00 4.107526336857576510e+00
9.434067189735477754e+00 6.464244704247988693e+00
7.000299651634884768e+00 6.273771441550172412e+00
1.192646482073074132e+01 7.193415180863647507e+00
1.119765055051087188e+01 6.858246870734348910e+00
1.043321272221953322e+01 9.514152456996626483e+00
8.904774726871952595e+00 4.116204410020793958e+00
7.035473750908403545e+00 2.087229564292814032e-01
9.882757581633031307e+00 4.306544608576347244e+00
8.963115586838778626e+00 5.193508021730444568e+00
1.098915729387469931e+01 7.911571512567181053e+00
1.721711705603602738e+01 1.008020014351456695e+01
9.894399444928319909e+00 4.296289850895758988e+00
1.146020641807523432e+01 1.314092964426079391e+01
8.736095143521115602e+00 5.577598289805102638e+00
7.922741919942975386e+00 3.906005561842709639e+00
9.408435261645019310e+00 9.742998978049794090e+00
1.030892242628256739e+01 9.691519372359030271e+00
7.772213642578397419e+00 6.048012098251614788e+00
1.516390057524925794e+01 1.252472867442467752e+01
1.150616565312330408e+01 1.267553666406924151e+01
7.615072323066081950e+00 4.691215413693281100e+00
1.049906409920981254e+01 6.660267512529436829e+00
1.180722716023331920e+01 1.021542336838832199e+01
1.198977365570947384e+01 5.954830053007376556e+00
1.170885779825031925e+01 8.718709746743710909e+00
1.003620358164767623e+01 1.220761962249102872e+01
1.016835284568847619e+01 6.801547006482545399e+00
8.996783769964810773e+00 6.842816558495868229e+00
8.609411086162635840e+00 4.271141766769158465e+00
1.131609556133422778e+01 1.071845146545813776e+01
1.100015462153060142e+01 1.124502709489200925e+01
1.210379867417208644e+01 8.295332471810382913e+00
1.065665277433603642e+01 8.271305827876863859e+00
9.679210141940878032e+00 5.221162724696055690e+00
1.119023410492642512e+01 9.276229194282041846e+00
1.211025675480388486e+01 8.830920859401448553e+00
6.845656345362920447e+00 4.555090937748766500e+00
8.986174945888492971e+00 2.878631272533516583e+00
1.225299289931211533e+01 9.740988302870604798e+00
8.555509444034719024e+00 5.485790104866913097e+00
6.497567209282660627e+00 1.237024333439790791e+00
7.677124993740864767e+00 2.702409056982249869e+00
1.043607282418316196e+01 8.777279666781362621e+00
1.138171330456277985e+01 6.060055783659068496e+00
9.528480489493928118e+00 7.948148583378079834e+00
6.869138748949101370e+00 7.224448580814621934e+00
8.768843455706287315e+00 9.018813048034195035e+00
1.024190905344361902e+01 5.043294561117509289e+00
1.248816037234089826e+01 5.709451632422907430e+00
9.587229961999144123e+00 1.002422863767643690e+01
1.184616096473606817e+01 6.875766435432816515e+00
8.504604745509626085e+00 3.306323386102063111e+00
1.276701793350943248e+01 1.334093924038522339e+01
8.038905007656822477e+00 7.042508792834015097e+00
1.014933782453500655e+01 5.794990946034327628e+00
1.278145952429918886e+01 9.559484486263793102e+00
8.754428263588948766e+00 6.848456572272398013e+00
1.162636445067186841e+01 8.931081573832095444e+00
5.996941885475744805e+00 4.393660249619837366e+00
1.078959485727837375e+01 8.294157971183578226e+00
1.091143226343045392e+01 1.000300660936672870e+01
1.380841110637321911e+01 6.691457018663777845e+00
1.093934877669886419e+01 5.288084988027032196e+00
1.316841504770122739e+01 9.761280147676631103e+00
7.894376069064623636e+00 -6.089725423658762793e-01
8.786634710733920883e+00 6.338813964355878738e+00
9.686435475990625932e+00 5.973642586577082803e+00
9.015138902756602235e+00 8.208310588109654304e+00
1.125727904766204190e+01 1.067094727951800337e+01
1.370277174371089579e+01 1.118633997505603972e+01
1.131048038933867694e+01 7.373048551181814680e+00
8.546123274568785178e+00 9.154419413454547794e+00
8.716272655946493586e+00 4.707994617800695281e+00
9.554940270236102151e+00 7.568080145591095764e+00
